Arquivo			T>0.005		C>0.005
doperantar41_001.cnv		289		5
Valores de temperatura > 0.005 = [0.0194, 0.0187, 0.0075, 0.0157, 0.0205, 0.0069, 0.0105, 0.0068, 0.0143, 0.0051, 0.006, 0.0196, 0.0154, 0.0073, 0.0057, 0.0093, 0.0189, 0.0059, 0.0096, 0.0069, 0.0141, 0.0331, 0.0287, 0.0192, 0.0053, 0.0365, 0.014, 0.011, 0.0128, 0.0063, 0.0065, 0.0056, 0.0109, 0.0185, 0.0073, 0.0124, 0.0099, 0.0117, 0.0113, 0.0054, 0.0069, 0.0212, 0.0088, 0.0352, 0.0192, 0.0054, 0.0092, 0.0209, 0.009, 0.0083, 0.0163, 0.0153, 0.0091, 0.0153, 0.0178, 0.0152, 0.0132, 0.0118, 0.0069, 0.0474, 0.0546, 0.0067, 0.0146, 0.0057, 0.0079, 0.0161, 0.0122, 0.0327, 0.0171, 0.008, 0.0057, 0.0086, 0.0077, 0.0132, 0.0069, 0.0155, 0.0062, 0.0162, 0.0106, 0.0078, 0.0116, 0.0239, 0.0079, 0.0062, 0.0131, 0.0067, 0.008, 0.017, 0.0256, 0.0362, 0.0155, 0.017, 0.0137, 0.0364, 0.0131, 0.0104, 0.0142, 0.0159, 0.0212, 0.0114, 0.0183, 0.0069, 0.0221, 0.0236, 0.008, 0.0081, 0.0083, 0.0138, 0.0057, 0.0368, 0.0474, 0.0094, 0.015, 0.0081, 0.0341, 0.0111, 0.029, 0.0213, 0.0063, 0.0097, 0.0072, 0.0161, 0.0219, 0.0134, 0.0098, 0.0052, 0.0085, 0.0053, 0.0077, 0.038, 0.0131, 0.0104, 0.0063, 0.0124, 0.042, 0.0747, 0.0119, 0.0255, 0.0511, 0.01, 0.0132, 0.0169, 0.0361, 0.019, 0.0057, 0.015, 0.0074, 0.0156, 0.0123, 0.0134, 0.0279, 0.0245, 0.013, 0.0168, 0.0067, 0.0116, 0.0164, 0.0102, 0.0131, 0.0128, 0.0074, 0.0104, 0.0117, 0.0062, 0.0077, 0.0063, 0.0104, 0.0124, 0.0146, 0.0188, 0.0097, 0.024, 0.0325, 0.0377, 0.0183, 0.0171, 0.0199, 0.0242, 0.0118, 0.0051, 0.0134, 0.0243, 0.0063, 0.0358, 0.0337, 0.0147, 0.0089, 0.0418, 0.0071, 0.0201, 0.0127, 0.0113, 0.0096, 0.0051, 0.0136, 0.0079, 0.0114, 0.024, 0.0062, 0.0057, 0.0104, 0.0054, 0.0053, 0.0152, 0.0113, 0.0061, 0.0076, 0.0082, 0.0056, 0.0053, 0.0072, 0.0163, 0.0143, 0.0357, 0.0348, 0.0156, 0.0157, 0.0232, 0.0075, 0.0219, 0.0088, 0.0099, 0.0208, 0.0075, 0.0086, 0.0115, 0.0053, 0.0134, 0.0112, 0.0264, 0.0053, 0.0091, 0.0071, 0.0054, 0.0081, 0.0051, 0.0075, 0.0057, 0.0095, 0.0206, 0.01, 0.0126, 0.0073, 0.0089, 0.0051, 0.0174, 0.0068, 0.0061, 0.0063, 0.0094, 0.0054, 0.0085, 0.008, 0.006, 0.0114, 0.0061, 0.013, 0.0053, 0.0185, 0.0072, 0.0161, 0.0101, 0.0059, 0.0058, 0.0059, 0.0052, 0.0081, 0.0143, 0.0069, 0.0052, 0.007, 0.0061, 0.0053, 0.0101, 0.0117, 0.0052, 0.0116, 0.0053, 0.0115, 0.0067, 0.0083, 0.0056, 0.0093, 0.0055, 0.0061, 0.0069, 0.0063, 0.0205, 0.0101]
Valores de condutividade > 0.005 = [0.00507, 0.006309, 0.005088, 0.008178, 0.005511]
doperantar41_001MEPHY.cnv		4		0
Valores de temperatura > 0.005 = [0.006, 0.0061, 0.0071, 0.0059]
doperantar41_002.cnv		272		10
Valores de temperatura > 0.005 = [0.0069, 0.0081, 0.0079, 0.0155, 0.013, 0.0088, 0.0134, 0.0225, 0.0129, 0.011, 0.0093, 0.0077, 0.0179, 0.013, 0.0057, 0.0061, 0.012, 0.0174, 0.012, 0.0095, 0.0055, 0.012, 0.0098, 0.0152, 0.0228, 0.0236, 0.0111, 0.0466, 0.0167, 0.0065, 0.0053, 0.008, 0.0137, 0.0176, 0.0157, 0.0422, 0.0552, 0.0075, 0.0056, 0.0149, 0.0204, 0.0194, 0.0332, 0.013, 0.0089, 0.0424, 0.048, 0.0051, 0.0168, 0.0175, 0.0256, 0.0349, 0.0099, 0.0074, 0.0063, 0.0051, 0.0211, 0.0141, 0.0093, 0.0534, 0.0099, 0.0074, 0.0056, 0.0133, 0.0052, 0.0074, 0.0154, 0.0223, 0.0101, 0.0164, 0.0131, 0.0141, 0.0133, 0.0418, 0.0212, 0.0088, 0.0203, 0.0066, 0.0184, 0.026, 0.0062, 0.0072, 0.0067, 0.0349, 0.0332, 0.0059, 0.0094, 0.0209, 0.0318, 0.0088, 0.0053, 0.019, 0.0057, 0.0054, 0.0152, 0.0177, 0.0236, 0.0138, 0.0068, 0.0076, 0.0091, 0.0074, 0.0158, 0.05, 0.0904, 0.0081, 0.0087, 0.0079, 0.0074, 0.0363, 0.0203, 0.008, 0.015, 0.0226, 0.0088, 0.0094, 0.0052, 0.0278, 0.0341, 0.0068, 0.0065, 0.02, 0.0312, 0.0252, 0.0166, 0.0079, 0.0056, 0.0066, 0.0067, 0.0136, 0.0583, 0.044, 0.0059, 0.0115, 0.0088, 0.0071, 0.0443, 0.0428, 0.0167, 0.045, 0.0137, 0.0159, 0.0056, 0.0066, 0.0096, 0.0059, 0.016, 0.0064, 0.0127, 0.028, 0.0158, 0.0082, 0.0239, 0.021, 0.0065, 0.0113, 0.0164, 0.0098, 0.0066, 0.0097, 0.0059, 0.02, 0.0226, 0.0122, 0.0052, 0.0073, 0.0078, 0.0279, 0.0248, 0.0571, 0.0229, 0.0083, 0.0209, 0.0059, 0.0068, 0.0079, 0.0151, 0.0419, 0.0066, 0.0061, 0.0097, 0.0183, 0.0161, 0.0089, 0.0556, 0.0096, 0.0057, 0.0055, 0.0129, 0.0064, 0.0123, 0.017, 0.0401, 0.0137, 0.0062, 0.0355, 0.0073, 0.0116, 0.0167, 0.0152, 0.0079, 0.0078, 0.0134, 0.0072, 0.0079, 0.0062, 0.0052, 0.0064, 0.0102, 0.0179, 0.0147, 0.0051, 0.0105, 0.009, 0.006, 0.0209, 0.0207, 0.015, 0.0102, 0.0179, 0.006, 0.0089, 0.0269, 0.028, 0.0061, 0.0086, 0.015, 0.0055, 0.0086, 0.0091, 0.0182, 0.0056, 0.0061, 0.0106, 0.0088, 0.0148, 0.0075, 0.0296, 0.0463, 0.0054, 0.0229, 0.0152, 0.0071, 0.0054, 0.0097, 0.0082, 0.0051, 0.0075, 0.0151, 0.012, 0.0283, 0.0165, 0.0105, 0.0066, 0.0093, 0.0122, 0.0447, 0.0096, 0.0106, 0.012, 0.0098, 0.0224, 0.0071, 0.0439, 0.0059, 0.0069, 0.0072, 0.0055, 0.0095, 0.0054, 0.0059, 0.0053]
Valores de condutividade > 0.005 = [0.0057, 0.005645, 0.005709, 0.006876, 0.005506, 0.009333, 0.006025, 0.005524, 0.005502, 0.00507]
doperantar41_003.cnv		209		11
Valores de temperatura > 0.005 = [0.0075, 0.0065, 0.0242, 0.0117, 0.0067, 0.0111, 0.0063, 0.0074, 0.0081, 0.0077, 0.0123, 0.0155, 0.0097, 0.0063, 0.0071, 0.0139, 0.0561, 0.0556, 0.0103, 0.0065, 0.0111, 0.0191, 0.0121, 0.0169, 0.0085, 0.0121, 0.0092, 0.0078, 0.0062, 0.0246, 0.0191, 0.0064, 0.0069, 0.0145, 0.0251, 0.0239, 0.0133, 0.0095, 0.008, 0.0062, 0.0088, 0.0072, 0.0055, 0.0088, 0.0088, 0.0328, 0.0249, 0.0197, 0.0176, 0.0155, 0.0103, 0.0074, 0.0077, 0.0092, 0.0084, 0.0205, 0.0679, 0.0288, 0.0084, 0.0064, 0.0107, 0.0089, 0.0077, 0.0065, 0.0088, 0.0051, 0.0273, 0.0194, 0.0115, 0.0062, 0.0058, 0.0127, 0.0208, 0.011, 0.006, 0.0133, 0.0066, 0.0056, 0.0115, 0.0063, 0.0224, 0.0142, 0.0056, 0.0057, 0.0206, 0.0109, 0.0163, 0.0081, 0.0164, 0.0098, 0.0188, 0.0543, 0.0186, 0.0121, 0.0245, 0.0231, 0.0115, 0.0064, 0.018, 0.0177, 0.0581, 0.0261, 0.0112, 0.0131, 0.0188, 0.0711, 0.0142, 0.0313, 0.0246, 0.0121, 0.0867, 0.014, 0.0131, 0.0059, 0.0054, 0.0064, 0.0129, 0.0094, 0.0203, 0.0051, 0.0154, 0.0913, 0.0369, 0.0135, 0.0059, 0.0672, 0.0453, 0.0087, 0.0089, 0.0112, 0.0102, 0.0078, 0.0211, 0.0129, 0.0056, 0.0057, 0.0116, 0.0124, 0.0067, 0.0055, 0.0084, 0.017, 0.0324, 0.028, 0.036, 0.0079, 0.0347, 0.0128, 0.011, 0.0778, 0.0123, 0.0168, 0.014, 0.0082, 0.0056, 0.0147, 0.101, 0.0667, 0.0087, 0.0122, 0.0053, 0.0074, 0.0055, 0.0135, 0.0097, 0.0108, 0.0077, 0.0081, 0.0164, 0.0306, 0.0103, 0.0272, 0.0086, 0.006, 0.0053, 0.0072, 0.0075, 0.0137, 0.0208, 0.0109, 0.0095, 0.0127, 0.0152, 0.0077, 0.0072, 0.006, 0.009, 0.0064, 0.0078, 0.0131, 0.0069, 0.0051, 0.0053, 0.0121, 0.0086, 0.0075, 0.0056, 0.0067, 0.0066, 0.0168, 0.0101, 0.0088, 0.0076, 0.0055, 0.0081, 0.0078, 0.0058, 0.0104, 0.0064]
Valores de condutividade > 0.005 = [0.007609, 0.007726, 0.006852, 0.005216, 0.005105, 0.006327, 0.008427, 0.009986, 0.006973, 0.007657, 0.009336]
doperantar41_005.cnv		589		92
Valores de temperatura > 0.005 = [0.0077, 0.006, 0.0063, 0.0115, 0.0306, 0.0205, 0.0092, 0.0116, 0.0065, 0.0111, 0.0127, 0.0145, 0.0084, 0.0073, 0.0109, 0.0074, 0.0078, 0.0111, 0.015, 0.0097, 0.0204, 0.0161, 0.044, 0.0962, 0.0638, 0.1068, 0.071, 0.0504, 0.0162, 0.0167, 0.0106, 0.006, 0.009, 0.0137, 0.0199, 0.0107, 0.0125, 0.0088, 0.0082, 0.0058, 0.0059, 0.0141, 0.0172, 0.0172, 0.0082, 0.0111, 0.0123, 0.0056, 0.0073, 0.0061, 0.0284, 0.0346, 0.0352, 0.0253, 0.0646, 0.0474, 0.0359, 0.1031, 0.0532, 0.0404, 0.0543, 0.0218, 0.1129, 0.2354, 0.1654, 0.0868, 0.0279, 0.0483, 0.0744, 0.1947, 0.1193, 0.0513, 0.0117, 0.0481, 0.0825, 0.0592, 0.0277, 0.0237, 0.0206, 0.0365, 0.0434, 0.0527, 0.0486, 0.017, 0.0251, 0.05, 0.0686, 0.1123, 0.0571, 0.0349, 0.0283, 0.0484, 0.074, 0.0526, 0.0404, 0.0321, 0.1052, 0.1135, 0.0746, 0.0488, 0.0361, 0.0475, 0.038, 0.0468, 0.0579, 0.0543, 0.0319, 0.0266, 0.0204, 0.0318, 0.0812, 0.1043, 0.0801, 0.0807, 0.0265, 0.0404, 0.0501, 0.1216, 0.1455, 0.0398, 0.025, 0.0218, 0.0169, 0.0096, 0.0122, 0.011, 0.0203, 0.0203, 0.0144, 0.0125, 0.0177, 0.0223, 0.0185, 0.0182, 0.0374, 0.0123, 0.0142, 0.0142, 0.0436, 0.0344, 0.019, 0.0094, 0.0063, 0.006, 0.01, 0.0773, 0.0481, 0.0408, 0.0129, 0.0052, 0.0083, 0.0085, 0.0186, 0.0238, 0.0204, 0.0094, 0.0084, 0.0096, 0.0071, 0.0061, 0.0084, 0.0055, 0.0069, 0.0157, 0.0223, 0.0418, 0.0513, 0.0596, 0.0634, 0.0486, 0.0572, 0.0525, 0.0414, 0.0465, 0.0344, 0.0592, 0.0462, 0.0511, 0.071, 0.0178, 0.1054, 0.0734, 0.0128, 0.0366, 0.0391, 0.0403, 0.0337, 0.0679, 0.0816, 0.0605, 0.0395, 0.0554, 0.0467, 0.0362, 0.0187, 0.0142, 0.0172, 0.0248, 0.0269, 0.0183, 0.0211, 0.0167, 0.0101, 0.0131, 0.0215, 0.0445, 0.0151, 0.0392, 0.0167, 0.0175, 0.0126, 0.0425, 0.0261, 0.0185, 0.0143, 0.007, 0.0052, 0.0075, 0.0091, 0.009, 0.05, 0.0777, 0.0766, 0.0467, 0.0417, 0.0403, 0.0176, 0.0199, 0.0144, 0.0115, 0.0196, 0.0219, 0.0225, 0.0155, 0.0409, 0.045, 0.0522, 0.0163, 0.018, 0.0398, 0.0393, 0.0333, 0.0248, 0.0363, 0.0473, 0.0485, 0.0409, 0.0273, 0.0348, 0.0263, 0.0187, 0.0138, 0.0054, 0.0056, 0.0077, 0.0059, 0.0076, 0.0061, 0.0119, 0.0173, 0.035, 0.0306, 0.009, 0.006, 0.0196, 0.0137, 0.0075, 0.0089, 0.0166, 0.0174, 0.0423, 0.0734, 0.0665, 0.0646, 0.047, 0.0507, 0.0493, 0.0722, 0.0616, 0.0587, 0.0539, 0.0325, 0.0091, 0.0294, 0.0507, 0.0262, 0.0248, 0.0246, 0.0207, 0.0137, 0.0147, 0.0254, 0.0357, 0.0207, 0.0322, 0.0404, 0.0225, 0.0187, 0.0153, 0.0234, 0.033, 0.0628, 0.0544, 0.0501, 0.0191, 0.0154, 0.0102, 0.008, 0.0315, 0.0287, 0.0147, 0.0054, 0.0089, 0.0113, 0.0079, 0.0104, 0.0251, 0.0263, 0.0062, 0.0257, 0.0068, 0.0088, 0.0073, 0.02, 0.024, 0.0288, 0.0219, 0.0209, 0.0097, 0.0053, 0.0064, 0.0189, 0.0055, 0.0071, 0.0229, 0.0152, 0.02, 0.0257, 0.0179, 0.0105, 0.0065, 0.009, 0.0159, 0.0058, 0.0133, 0.0216, 0.01, 0.0082, 0.0194, 0.0202, 0.0214, 0.0077, 0.0186, 0.0246, 0.0418, 0.0385, 0.0507, 0.0219, 0.0256, 0.0176, 0.0062, 0.0096, 0.0126, 0.008, 0.0114, 0.0078, 0.0167, 0.0054, 0.0058, 0.0131, 0.0189, 0.0383, 0.0272, 0.022, 0.0064, 0.0096, 0.0166, 0.0122, 0.006, 0.0094, 0.0115, 0.006, 0.0127, 0.0148, 0.0126, 0.006, 0.0299, 0.0402, 0.0522, 0.0353, 0.0102, 0.006, 0.006, 0.0062, 0.0055, 0.0061, 0.0058, 0.0228, 0.0147, 0.0058, 0.0055, 0.0172, 0.0077, 0.0101, 0.0124, 0.0092, 0.0071, 0.007, 0.0108, 0.0124, 0.0149, 0.0097, 0.0165, 0.0071, 0.015, 0.0115, 0.0137, 0.0083, 0.0259, 0.0093, 0.0195, 0.0054, 0.0074, 0.0051, 0.0051, 0.0055, 0.0116, 0.0127, 0.0116, 0.0091, 0.0057, 0.0051, 0.0054, 0.0102, 0.0118, 0.006, 0.0058, 0.0065, 0.0099, 0.0076, 0.0051, 0.0062, 0.008, 0.0072, 0.0065, 0.0072, 0.0055, 0.0052, 0.01, 0.0075, 0.0055, 0.0082, 0.0054, 0.0072, 0.0078, 0.0066, 0.0076, 0.0067, 0.0062, 0.0069, 0.0098, 0.0162, 0.0056, 0.0056, 0.008, 0.0112, 0.0063, 0.0092, 0.0129, 0.0053, 0.0138, 0.0131, 0.0085, 0.0077, 0.0098, 0.0101, 0.0092, 0.0066, 0.0075, 0.0065, 0.0076, 0.0053, 0.0056, 0.0075, 0.0083, 0.0056, 0.0071, 0.0073, 0.0055, 0.0067, 0.0067, 0.0055, 0.0057, 0.0058, 0.0051, 0.0054, 0.0051, 0.0077, 0.0058, 0.0065, 0.01, 0.0075, 0.0088, 0.0052, 0.012, 0.0082, 0.0063, 0.0066, 0.0061, 0.0103, 0.0093, 0.0065, 0.0065, 0.0065, 0.0085, 0.008, 0.0067, 0.0147, 0.0084, 0.0051, 0.0083, 0.0077, 0.0129, 0.0109, 0.0074, 0.0085, 0.0071, 0.0075, 0.0051, 0.0061, 0.0059, 0.0055, 0.0067, 0.0101, 0.0063, 0.006, 0.0075, 0.0069, 0.0065, 0.0099, 0.0096, 0.0062, 0.0071, 0.0087, 0.0075, 0.0068, 0.0062, 0.0083, 0.0073, 0.0057, 0.0071, 0.0075, 0.0087, 0.0051, 0.0124, 0.0145, 0.0098, 0.0083, 0.018, 0.013, 0.0151, 0.0099, 0.0105, 0.0067, 0.0088, 0.0054, 0.0067, 0.0149, 0.0183, 0.0136, 0.0051, 0.0131, 0.0067, 0.0068, 0.0054, 0.0071, 0.0051, 0.0083, 0.007, 0.0098, 0.0073, 0.0069, 0.0064, 0.0073, 0.0054, 0.0062, 0.0065, 0.0054, 0.0052]
Valores de condutividade > 0.005 = [0.010534, 0.007459, 0.012206, 0.00758, 0.005435, 0.009081, 0.007075, 0.005065, 0.013755, 0.006207, 0.00524, 0.014446, 0.027526, 0.021676, 0.011483, 0.00667, 0.00969, 0.023337, 0.015121, 0.00631, 0.006134, 0.010242, 0.007516, 0.005091, 0.00594, 0.005334, 0.007123, 0.010256, 0.013872, 0.007106, 0.005031, 0.00646, 0.008347, 0.006153, 0.005387, 0.012894, 0.013596, 0.009202, 0.005491, 0.005575, 0.005577, 0.006751, 0.006612, 0.009704, 0.01173, 0.009581, 0.008785, 0.008448, 0.0141, 0.015551, 0.005267, 0.005332, 0.00883, 0.005537, 0.006556, 0.006977, 0.007536, 0.006154, 0.006536, 0.006534, 0.005384, 0.006826, 0.005657, 0.006103, 0.007778, 0.010127, 0.005611, 0.00791, 0.009276, 0.006967, 0.00613, 0.005361, 0.008429, 0.008256, 0.005055, 0.005447, 0.005276, 0.007498, 0.006986, 0.005889, 0.00511, 0.005618, 0.005361, 0.007787, 0.006799, 0.006404, 0.005419, 0.00506, 0.006285, 0.005403, 0.005031, 0.006065]
doperantar41_005MEPHY.cnv		6		0
Valores de temperatura > 0.005 = [0.006, 0.0052, 0.0108, 0.0057, 0.0258, 0.025]
doperantar41_006.cnv		145		6
Valores de temperatura > 0.005 = [0.0101, 0.007, 0.0063, 0.0053, 0.0078, 0.0094, 0.0071, 0.0082, 0.0137, 0.018, 0.0267, 0.0109, 0.0081, 0.0079, 0.0075, 0.0233, 0.0061, 0.0177, 0.0176, 0.0602, 0.0059, 0.0139, 0.0092, 0.0472, 0.1508, 0.0151, 0.0325, 0.0507, 0.0162, 0.0341, 0.0177, 0.0222, 0.0059, 0.0056, 0.0141, 0.0085, 0.013, 0.012, 0.0061, 0.0085, 0.0282, 0.035, 0.0303, 0.0364, 0.0212, 0.0224, 0.0103, 0.0073, 0.0136, 0.0154, 0.0078, 0.0121, 0.0101, 0.0078, 0.013, 0.0084, 0.0164, 0.0085, 0.0123, 0.0213, 0.035, 0.0448, 0.0182, 0.0298, 0.0145, 0.012, 0.0333, 0.0216, 0.0053, 0.0067, 0.0124, 0.0179, 0.0152, 0.0471, 0.0089, 0.0158, 0.0137, 0.0054, 0.0114, 0.0624, 0.0062, 0.0133, 0.075, 0.0074, 0.0084, 0.0149, 0.0122, 0.0057, 0.0139, 0.0117, 0.0256, 0.0497, 0.0317, 0.0141, 0.0052, 0.0091, 0.0119, 0.0078, 0.0062, 0.0149, 0.0089, 0.0171, 0.0119, 0.028, 0.0055, 0.0053, 0.0145, 0.0056, 0.0065, 0.0178, 0.0374, 0.0185, 0.0133, 0.0053, 0.0061, 0.0063, 0.0279, 0.0138, 0.0101, 0.0194, 0.0336, 0.024, 0.0089, 0.0079, 0.0113, 0.0055, 0.0093, 0.0059, 0.0223, 0.0158, 0.0059, 0.0229, 0.0117, 0.0071, 0.01, 0.0193, 0.0059, 0.0162, 0.013, 0.0071, 0.0238, 0.0159, 0.0084, 0.0143, 0.0105]
Valores de condutividade > 0.005 = [0.006366, 0.014095, 0.00512, 0.005156, 0.005725, 0.006617]
doperantar41_007.cnv		12		0
Valores de temperatura > 0.005 = [0.0118, 0.0081, 0.0059, 0.0054, 0.0063, 0.0169, 0.0059, 0.0109, 0.0074, 0.0066, 0.0054, 0.0062]
doperantar41_008.cnv		184		2
Valores de temperatura > 0.005 = [0.0071, 0.0107, 0.006, 0.0122, 0.0551, 0.0069, 0.0164, 0.006, 0.0096, 0.0235, 0.0065, 0.0444, 0.0154, 0.0054, 0.0084, 0.006, 0.0121, 0.0279, 0.0068, 0.0095, 0.0218, 0.0066, 0.0072, 0.0081, 0.0112, 0.0053, 0.006, 0.0077, 0.0279, 0.0058, 0.0055, 0.0056, 0.0231, 0.0157, 0.017, 0.0065, 0.0098, 0.0053, 0.0051, 0.0054, 0.0055, 0.0164, 0.0148, 0.0191, 0.0069, 0.0166, 0.0147, 0.0101, 0.0119, 0.0056, 0.0076, 0.0125, 0.01, 0.017, 0.013, 0.0063, 0.0064, 0.011, 0.0075, 0.037, 0.025, 0.01, 0.0166, 0.0205, 0.0189, 0.0118, 0.0087, 0.0059, 0.0076, 0.0052, 0.032, 0.0191, 0.0124, 0.0343, 0.0269, 0.0083, 0.0109, 0.0226, 0.0131, 0.0219, 0.0237, 0.0116, 0.012, 0.0151, 0.0179, 0.0121, 0.009, 0.0054, 0.0138, 0.0149, 0.014, 0.0092, 0.035, 0.0091, 0.0051, 0.0121, 0.0106, 0.0054, 0.0063, 0.0288, 0.0097, 0.0109, 0.0189, 0.0158, 0.0083, 0.0088, 0.0052, 0.0082, 0.0052, 0.0063, 0.0057, 0.0054, 0.0084, 0.0113, 0.0274, 0.0107, 0.0057, 0.0108, 0.0097, 0.0067, 0.0061, 0.006, 0.0107, 0.0118, 0.0082, 0.0056, 0.008, 0.0113, 0.0104, 0.0078, 0.0061, 0.0061, 0.0061, 0.0053, 0.0098, 0.0067, 0.0068, 0.0073, 0.011, 0.0182, 0.0075, 0.0059, 0.0095, 0.0075, 0.0119, 0.0086, 0.0071, 0.0089, 0.0149, 0.0074, 0.0114, 0.0109, 0.013, 0.007, 0.0074, 0.0088, 0.0193, 0.0154, 0.0133, 0.0058, 0.0063, 0.0066, 0.0317, 0.0073, 0.0053, 0.0052, 0.008, 0.0056, 0.0066, 0.0054, 0.0057, 0.0099, 0.0275, 0.0121, 0.0175, 0.0808, 0.0101, 0.0079, 0.0232, 0.0228, 0.0141, 0.0056, 0.0072, 0.0099]
Valores de condutividade > 0.005 = [0.005189, 0.007203]
doperantar41_009.cnv		228		8
Valores de temperatura > 0.005 = [0.0114, 0.006, 0.0057, 0.0086, 0.0053, 0.0051, 0.0546, 0.0321, 0.0084, 0.0168, 0.0126, 0.0074, 0.0057, 0.0071, 0.0108, 0.0166, 0.0114, 0.033, 0.0542, 0.0052, 0.1746, 0.009, 0.0288, 0.0142, 0.0363, 0.0541, 0.108, 0.0682, 0.0127, 0.0132, 0.0148, 0.0234, 0.0597, 0.0361, 0.0201, 0.0067, 0.0162, 0.0408, 0.0065, 0.0162, 0.0121, 0.0287, 0.1517, 0.0256, 0.0066, 0.0071, 0.0072, 0.0169, 0.0657, 0.0086, 0.0125, 0.0128, 0.0138, 0.0144, 0.0104, 0.0164, 0.022, 0.0092, 0.0112, 0.0055, 0.0074, 0.0072, 0.0253, 0.0408, 0.0151, 0.0062, 0.0171, 0.0441, 0.0125, 0.0064, 0.0061, 0.0481, 0.0058, 0.0329, 0.048, 0.0069, 0.0185, 0.0146, 0.0179, 0.0131, 0.0212, 0.008, 0.0082, 0.0057, 0.0079, 0.0659, 0.0181, 0.0053, 0.0056, 0.0086, 0.0071, 0.0107, 0.0148, 0.0142, 0.0119, 0.0071, 0.0102, 0.0087, 0.0144, 0.0078, 0.0109, 0.0066, 0.0069, 0.0128, 0.0184, 0.0085, 0.0061, 0.0145, 0.0219, 0.0937, 0.011, 0.0083, 0.0122, 0.0069, 0.0053, 0.0118, 0.024, 0.0441, 0.031, 0.0063, 0.0119, 0.0111, 0.0319, 0.0456, 0.0076, 0.0078, 0.0061, 0.0079, 0.0061, 0.0067, 0.0109, 0.0088, 0.0064, 0.0077, 0.0132, 0.014, 0.0117, 0.0166, 0.0079, 0.0214, 0.018, 0.0164, 0.0072, 0.0052, 0.0064, 0.0145, 0.006, 0.0089, 0.0072, 0.0066, 0.0088, 0.0075, 0.0403, 0.0347, 0.0089, 0.0088, 0.0058, 0.0108, 0.0121, 0.0142, 0.0121, 0.0407, 0.0052, 0.0063, 0.0233, 0.0057, 0.0055, 0.0108, 0.0059, 0.0188, 0.0052, 0.0055, 0.0054, 0.0217, 0.0137, 0.0077, 0.0053, 0.0058, 0.0053, 0.008, 0.0075, 0.0083, 0.0129, 0.0065, 0.0073, 0.0071, 0.0063, 0.0067, 0.0056, 0.0098, 0.0077, 0.0051, 0.0074, 0.0059, 0.0075, 0.0062, 0.0055, 0.0055, 0.0077, 0.0088, 0.0065, 0.006, 0.0063, 0.0059, 0.0072, 0.0087, 0.0082, 0.007, 0.0059, 0.0083, 0.0068, 0.0057, 0.0056, 0.0172, 0.009, 0.0056, 0.0129, 0.0229, 0.01, 0.0057, 0.0109, 0.0083, 0.0077, 0.0076, 0.0082, 0.0061, 0.012, 0.0052]
Valores de condutividade > 0.005 = [0.006309, 0.018727, 0.010387, 0.005141, 0.014847, 0.006168, 0.005837, 0.008447]
doperantar41_011.cnv		1		8
Valores de temperatura > 0.005 = [0.0081]
Valores de condutividade > 0.005 = [0.034224, 0.03247, 0.037241, 0.043592, 0.045462, 0.041618, 0.04215, 0.030699]
doperantar41_012.cnv		3		8
Valores de temperatura > 0.005 = [0.0211, 0.0054, 0.0059]
Valores de condutividade > 0.005 = [0.193652, 0.180842, 0.16362, 0.145003, 0.099682, 0.034475, 0.013979, 0.006452]
doperantar41_013LR.cnv		260		10
Valores de temperatura > 0.005 = [0.0066, 0.0082, 0.0058, 0.0065, 0.0061, 0.0052, 0.0054, 0.0052, 0.0089, 0.0108, 0.0073, 0.008, 0.0094, 0.0084, 0.0116, 0.0053, 0.0138, 0.0164, 0.024, 0.0287, 0.0176, 0.0489, 0.041, 0.0154, 0.0058, 0.0229, 0.007, 0.0125, 0.0351, 0.0149, 0.0179, 0.0071, 0.0052, 0.0082, 0.0057, 0.006, 0.0068, 0.0095, 0.0189, 0.0082, 0.006, 0.0237, 0.01, 0.0255, 0.0091, 0.0064, 0.016, 0.0053, 0.0054, 0.0146, 0.0132, 0.0132, 0.0175, 0.0082, 0.0215, 0.0157, 0.0116, 0.009, 0.0136, 0.0074, 0.0098, 0.0336, 0.0134, 0.0208, 0.0525, 0.0085, 0.0082, 0.0115, 0.0055, 0.0215, 0.0148, 0.0063, 0.0056, 0.0059, 0.0069, 0.0067, 0.0069, 0.0135, 0.0124, 0.0133, 0.0112, 0.0051, 0.0265, 0.0731, 0.1018, 0.0609, 0.0135, 0.0425, 0.0431, 0.0278, 0.022, 0.0167, 0.0087, 0.0075, 0.0062, 0.0066, 0.0081, 0.0076, 0.0055, 0.0121, 0.0208, 0.0112, 0.0101, 0.0097, 0.0166, 0.0085, 0.0059, 0.0108, 0.0121, 0.0053, 0.0104, 0.0157, 0.0178, 0.0169, 0.0073, 0.0054, 0.0061, 0.0156, 0.0094, 0.0184, 0.0186, 0.0095, 0.0086, 0.0167, 0.0098, 0.0056, 0.0051, 0.0078, 0.0077, 0.0054, 0.0116, 0.0082, 0.0201, 0.0091, 0.0051, 0.0066, 0.0082, 0.0113, 0.0109, 0.0062, 0.0182, 0.012, 0.0075, 0.0281, 0.0423, 0.0053, 0.0182, 0.0057, 0.0073, 0.0056, 0.0074, 0.0133, 0.0092, 0.0058, 0.0115, 0.0133, 0.0056, 0.0117, 0.0192, 0.008, 0.0102, 0.0102, 0.0257, 0.01, 0.0059, 0.0063, 0.0055, 0.0084, 0.0061, 0.0054, 0.0068, 0.0106, 0.0066, 0.0066, 0.0121, 0.007, 0.0234, 0.0101, 0.0064, 0.0213, 0.0097, 0.0062, 0.0112, 0.0103, 0.0084, 0.0068, 0.0073, 0.0068, 0.0095, 0.0065, 0.0179, 0.0192, 0.0077, 0.0184, 0.0053, 0.0051, 0.0054, 0.0077, 0.0051, 0.0058, 0.014, 0.0073, 0.0059, 0.0088, 0.0052, 0.0084, 0.006, 0.0064, 0.0052, 0.0065, 0.0064, 0.0106, 0.0093, 0.0052, 0.0078, 0.0055, 0.0081, 0.0058, 0.0059, 0.0058, 0.0123, 0.0063, 0.007, 0.0073, 0.0053, 0.0053, 0.0058, 0.0073, 0.012, 0.0075, 0.0091, 0.0179, 0.0124, 0.0183, 0.0096, 0.0103, 0.0064, 0.0062, 0.0063, 0.0133, 0.0052, 0.0173, 0.0226, 0.0282, 0.0074, 0.0064, 0.0078, 0.0058, 0.0056, 0.0056, 0.0057, 0.012, 0.0221, 0.015, 0.0177, 0.0072, 0.0063, 0.0079, 0.0118, 0.0386]
Valores de condutividade > 0.005 = [0.015499, 0.052748, 0.015158, 0.00861, 0.009801, 0.032474, 0.01181, 0.006195, 0.009689, 0.00539]
doperantar41_014LR.cnv		44		0
Valores de temperatura > 0.005 = [0.0054, 0.0052, 0.0098, 0.007, 0.0153, 0.0364, 0.0484, 0.0228, 0.0072, 0.0063, 0.0096, 0.0116, 0.0197, 0.0079, 0.0084, 0.0074, 0.0069, 0.0058, 0.0089, 0.0076, 0.008, 0.0066, 0.0087, 0.0083, 0.0058, 0.0305, 0.0058, 0.0056, 0.0062, 0.0051, 0.0061, 0.0069, 0.0072, 0.0158, 0.0069, 0.0051, 0.0055, 0.0064, 0.0106, 0.0052, 0.0066, 0.0057, 0.0113, 0.0061]
doperantar41_015.cnv		3		2
Valores de temperatura > 0.005 = [0.0075, 0.0196, 0.0094]
Valores de condutividade > 0.005 = [0.060063, 0.06032]
doperantar41_016.cnv		1		0
Valores de temperatura > 0.005 = [0.0076]
doperantar41_017.cnv		3		0
Valores de temperatura > 0.005 = [0.0105, 0.0078, 0.0056]
doperantar41_018.cnv		7		1
Valores de temperatura > 0.005 = [0.0062, 0.0108, 0.0069, 0.0157, 0.0134, 0.1136, 4.2496]
Valores de condutividade > 0.005 = [0.24681]
doperantar41_019.cnv		16		0
Valores de temperatura > 0.005 = [0.0084, 0.0071, 0.0105, 0.0083, 0.0064, 0.0061, 0.0059, 0.0067, 0.0137, 0.0192, 0.0062, 0.027, 0.0195, 0.0074, 0.0064, 0.0053]
doperantar41_020.cnv		5		0
Valores de temperatura > 0.005 = [0.0059, 0.0071, 0.0082, 0.0099, 0.0065]
doperantar41_021.cnv		16		0
Valores de temperatura > 0.005 = [0.0095, 0.007, 0.0054, 0.0066, 0.0057, 0.0097, 0.0054, 0.0085, 0.0055, 0.0051, 0.0077, 0.007, 0.0065, 0.0074, 0.0115, 0.0052]
doperantar41_022.cnv		8		0
Valores de temperatura > 0.005 = [0.0071, 0.0064, 0.0068, 0.012, 0.0151, 0.0114, 0.0105, 0.0278]
