Arquivo			T>0.005		C>0.005
doperantar38_002.cnv		25		0
Valores de temperatura > 0.005 = [0.0058, 0.0052, 0.0077, 0.0102, 0.0162, 0.0076, 0.0063, 0.0167, 0.0222, 0.0172, 0.0051, 0.0149, 0.0086, 0.006, 0.0061, 0.0073, 0.0054, 0.0183, 0.0052, 0.0073, 0.0056, 0.0108, 0.0053, 0.0071, 0.0085]
doperantar38_003.cnv		9		0
Valores de temperatura > 0.005 = [0.0127, 0.0293, 0.0212, 0.0052, 0.0052, 0.0067, 0.0066, 0.0064, 0.0055]
doperantar38_003b.cnv		1		0
Valores de temperatura > 0.005 = [0.0081]
doperantar38_004.cnv		9		0
Valores de temperatura > 0.005 = [0.0251, 0.008, 0.0126, 0.0057, 0.0056, 0.0096, 0.0094, 0.0087, 0.0055]
doperantar38_004b.cnv		1		0
Valores de temperatura > 0.005 = [0.0074]
doperantar38_005.cnv		21		0
Valores de temperatura > 0.005 = [0.0109, 0.0061, 0.0096, 0.0085, 0.0056, 0.0059, 0.0094, 0.0067, 0.0058, 0.035, 0.0051, 0.009, 0.008, 0.0102, 0.0197, 0.0087, 0.0316, 0.0061, 0.0064, 0.0089, 0.0058]
doperantar38_006.cnv		11		0
Valores de temperatura > 0.005 = [0.0078, 0.0106, 0.0101, 0.0066, 0.0201, 0.0061, 0.0069, 0.007, 0.0056, 0.0093, 0.007]
doperantar38_007.cnv		16		0
Valores de temperatura > 0.005 = [0.0401, 0.0226, 0.0175, 0.0079, 0.0145, 0.0337, 0.0085, 0.0061, 0.0101, 0.0233, 0.0072, 0.0055, 0.0059, 0.0054, 0.0066, 0.0108]
doperantar38_008.cnv		108		4
Valores de temperatura > 0.005 = [0.0062, 0.0104, 0.0174, 0.0092, 0.0294, 0.0197, 0.0312, 0.0086, 0.0089, 0.0212, 0.022, 0.0074, 0.0053, 0.0059, 0.006, 0.007, 0.0079, 0.0077, 0.0146, 0.0323, 0.0055, 0.034, 0.032, 0.021, 0.0075, 0.0134, 0.0179, 0.0162, 0.0121, 0.0104, 0.0078, 0.0158, 0.0588, 0.0993, 0.0312, 0.0295, 0.01, 0.0077, 0.0155, 0.0207, 0.016, 0.0092, 0.0067, 0.01, 0.0079, 0.0056, 0.0141, 0.0156, 0.0248, 0.0058, 0.0078, 0.0111, 0.034, 0.0075, 0.0109, 0.0125, 0.0087, 0.0109, 0.0059, 0.0056, 0.018, 0.0118, 0.0087, 0.01, 0.0085, 0.0067, 0.0075, 0.0071, 0.0087, 0.0055, 0.0189, 0.0128, 0.0544, 0.0054, 0.0728, 0.0148, 0.0338, 0.0124, 0.0099, 0.0071, 0.0053, 0.0058, 0.0245, 0.0206, 0.0067, 0.0062, 0.019, 0.0051, 0.0051, 0.0188, 0.0052, 0.0074, 0.0152, 0.0154, 0.0303, 0.0071, 0.0051, 0.0103, 0.0056, 0.0051, 0.0055, 0.0174, 0.0091, 0.0053, 0.0058, 0.006, 0.0056, 0.0058]
Valores de condutividade > 0.005 = [0.006365, 0.011379, 0.005943, 0.007319]
doperantar38_009.cnv		27		0
Valores de temperatura > 0.005 = [0.0071, 0.0058, 0.0077, 0.0053, 0.0051, 0.0058, 0.0052, 0.0176, 0.0082, 0.0103, 0.0113, 0.0058, 0.0103, 0.0054, 0.0083, 0.0062, 0.0069, 0.0051, 0.0148, 0.0077, 0.012, 0.0084, 0.0099, 0.0083, 0.0089, 0.0063, 0.0053]
doperantar38_010.cnv		17		0
Valores de temperatura > 0.005 = [0.0052, 0.0061, 0.0064, 0.0052, 0.0054, 0.0052, 0.0085, 0.0098, 0.0073, 0.0202, 0.0057, 0.0071, 0.0059, 0.01, 0.0058, 0.0051, 0.0085]
doperantar38_011.cnv		26		0
Valores de temperatura > 0.005 = [0.0122, 0.0054, 0.009, 0.0066, 0.0082, 0.0055, 0.011, 0.0214, 0.007, 0.0093, 0.0054, 0.0053, 0.0126, 0.0112, 0.0089, 0.006, 0.006, 0.0157, 0.0051, 0.0068, 0.0059, 0.0067, 0.0072, 0.0065, 0.007, 0.0058]
doperantar38_012.cnv		26		0
Valores de temperatura > 0.005 = [0.0063, 0.0052, 0.0065, 0.0057, 0.0066, 0.0081, 0.0098, 0.0066, 0.0112, 0.0087, 0.0069, 0.0072, 0.0062, 0.0068, 0.0092, 0.006, 0.0083, 0.0061, 0.0085, 0.0185, 0.0091, 0.0372, 0.0064, 0.0063, 0.0075, 0.0073]
doperantar38_013.cnv		7		0
Valores de temperatura > 0.005 = [0.008, 0.0111, 0.0184, 0.0156, 0.006, 0.0065, 0.0077]
doperantar38_013a.cnv		1		0
Valores de temperatura > 0.005 = [0.0107]
doperantar38_014.cnv		9		0
Valores de temperatura > 0.005 = [0.0055, 0.0208, 0.0187, 0.0349, 0.0198, 0.0064, 0.0051, 0.0074, 0.0169]
doperantar38_014b.cnv		1		0
Valores de temperatura > 0.005 = [0.008]
doperantar38_015.cnv		3		0
Valores de temperatura > 0.005 = [0.008, 0.0071, 0.0067]
doperantar38_016.cnv		16		0
Valores de temperatura > 0.005 = [0.0055, 0.0063, 0.0088, 0.0082, 0.0108, 0.0102, 0.0068, 0.0128, 0.0194, 0.006, 0.0164, 0.0114, 0.0094, 0.0117, 0.0075, 0.0052]
doperantar38_017b.cnv		2		0
Valores de temperatura > 0.005 = [0.0067, 0.013]
doperantar38_018.cnv		2		0
Valores de temperatura > 0.005 = [0.0052, 0.006]
doperantar38_020.cnv		11		0
Valores de temperatura > 0.005 = [0.0087, 0.0062, 0.0069, 0.0052, 0.007, 0.0058, 0.0147, 0.0085, 0.0055, 0.0053, 0.0072]
doperantar38_021.cnv		43		0
Valores de temperatura > 0.005 = [0.02, 0.009, 0.0096, 0.0067, 0.0062, 0.0269, 0.0078, 0.0063, 0.0118, 0.0074, 0.0082, 0.0229, 0.0117, 0.0092, 0.0069, 0.0064, 0.0052, 0.0056, 0.0061, 0.0056, 0.0113, 0.0216, 0.0183, 0.0129, 0.0067, 0.0086, 0.0067, 0.0051, 0.0099, 0.0099, 0.0073, 0.0066, 0.0124, 0.0131, 0.0083, 0.0055, 0.0122, 0.0125, 0.0197, 0.0171, 0.0126, 0.0088, 0.0061]
doperantar38_023.cnv		8		0
Valores de temperatura > 0.005 = [0.0051, 0.0102, 0.0084, 0.0053, 0.0063, 0.0063, 0.0067, 0.0083]
doperantar38_024.cnv		8		0
Valores de temperatura > 0.005 = [0.0059, 0.0178, 0.0069, 0.0061, 0.007, 0.0094, 0.0072, 0.0085]
