Arquivo			T>0.005		C>0.005
doperantar42_001.cnv		72		0
Valores de temperatura > 0.005 = [0.0211, 0.0077, 0.0064, 0.0201, 0.01, 0.0107, 0.0066, 0.0097, 0.0159, 0.0083, 0.0067, 0.0099, 0.0094, 0.0096, 0.0052, 0.0181, 0.0103, 0.0063, 0.0066, 0.0103, 0.0055, 0.0068, 0.0074, 0.015, 0.01, 0.0241, 0.0117, 0.0115, 0.0051, 0.0092, 0.0366, 0.0072, 0.0298, 0.0092, 0.0247, 0.0051, 0.0076, 0.0058, 0.0052, 0.0103, 0.0173, 0.0109, 0.0157, 0.0117, 0.0092, 0.0139, 0.019, 0.0081, 0.0146, 0.0059, 0.0054, 0.0109, 0.0081, 0.0059, 0.0065, 0.0072, 0.008, 0.0114, 0.0106, 0.0149, 0.0053, 0.0051, 0.0051, 0.0079, 0.0056, 0.0105, 0.0256, 0.017, 0.0178, 0.0186, 0.0052, 0.0252]
doperantar42_002.cnv		49		1
Valores de temperatura > 0.005 = [0.0058, 0.0089, 0.0065, 0.0096, 0.0053, 0.0104, 0.0446, 0.0094, 0.0059, 0.0417, 0.0057, 0.0052, 0.0055, 0.0188, 0.0402, 0.031, 0.006, 0.0065, 0.0245, 0.0052, 0.0208, 0.0103, 0.0066, 0.0217, 0.0055, 0.0085, 0.0108, 0.0252, 0.0068, 0.0108, 0.014, 0.0051, 0.013, 0.009, 0.0205, 0.0082, 0.0066, 0.0057, 0.0141, 0.0056, 0.0383, 0.0138, 0.0056, 0.0057, 0.0068, 0.0071, 0.0064, 0.012, 0.0134]
Valores de condutividade > 0.005 = [0.00688]
doperantar42_003.cnv		46		0
Valores de temperatura > 0.005 = [0.006, 0.0054, 0.0067, 0.0064, 0.0052, 0.0269, 0.008, 0.0131, 0.009, 0.0121, 0.0206, 0.0491, 0.0076, 0.044, 0.0071, 0.0129, 0.0086, 0.0081, 0.0071, 0.0113, 0.0186, 0.0083, 0.0231, 0.0223, 0.0128, 0.0424, 0.0193, 0.0091, 0.0059, 0.0078, 0.0062, 0.0092, 0.0081, 0.0107, 0.0091, 0.0063, 0.0083, 0.0051, 0.0172, 0.0078, 0.0089, 0.01, 0.0062, 0.0114, 0.0058, 0.0052]
doperantar42_005.cnv		30		1
Valores de temperatura > 0.005 = [0.0057, 0.0085, 0.0159, 0.0188, 0.0085, 0.0113, 0.0083, 0.0566, 0.0435, 0.0064, 0.008, 0.019, 0.0111, 0.0077, 0.0205, 0.0089, 0.0051, 0.0094, 0.037, 0.0106, 0.0269, 0.0055, 0.0283, 0.0102, 0.0072, 0.0066, 0.0084, 0.0128, 0.0088, 0.0087]
Valores de condutividade > 0.005 = [0.007395]
doperantar42_007.cnv		82		2
Valores de temperatura > 0.005 = [0.0056, 0.0179, 0.0062, 0.0077, 0.0148, 0.0106, 0.0053, 0.0134, 0.0133, 0.0054, 0.0151, 0.0055, 0.0071, 0.0061, 0.0222, 0.0073, 0.0117, 0.0264, 0.0085, 0.0076, 0.0168, 0.0149, 0.0071, 0.0098, 0.0139, 0.0101, 0.0095, 0.0059, 0.0114, 0.0144, 0.0182, 0.0138, 0.028, 0.0074, 0.045, 0.0069, 0.0108, 0.0056, 0.0056, 0.0144, 0.0171, 0.0054, 0.1456, 0.0075, 0.0157, 0.0091, 0.0199, 0.0089, 0.0073, 0.0075, 0.0119, 0.0069, 0.0079, 0.0338, 0.0053, 0.0067, 0.013, 0.0086, 0.0473, 0.0156, 0.0053, 0.0066, 0.0092, 0.0108, 0.0061, 0.012, 0.0065, 0.0065, 0.0088, 0.0054, 0.0068, 0.0057, 0.0092, 0.0076, 0.0094, 0.0054, 0.0056, 0.0093, 0.0055, 0.0058, 0.0074, 0.0076]
Valores de condutividade > 0.005 = [0.009261, 0.005833]
doperantar42_008.cnv		98		3
Valores de temperatura > 0.005 = [0.0093, 0.0104, 0.0123, 0.0051, 0.0102, 0.0126, 0.0188, 0.0053, 0.0051, 0.0058, 0.0074, 0.0053, 0.0056, 0.0053, 0.0056, 0.0082, 0.0074, 0.0066, 0.0089, 0.009, 0.0053, 0.0078, 0.0064, 0.0052, 0.0112, 0.0121, 0.0143, 0.0064, 0.0516, 0.0057, 0.0123, 0.0188, 0.0336, 0.0431, 0.0086, 0.0176, 0.0555, 0.0132, 0.0274, 0.0242, 0.0214, 0.0078, 0.0138, 0.0092, 0.0167, 0.0058, 0.0073, 0.0067, 0.016, 0.006, 0.0062, 0.0092, 0.0316, 0.0113, 0.007, 0.0136, 0.0052, 0.0058, 0.0061, 0.0075, 0.0091, 0.0088, 0.0078, 0.01, 0.0057, 0.0133, 0.0071, 0.0083, 0.0097, 0.0109, 0.0069, 0.0167, 0.0142, 0.007, 0.0096, 0.0068, 0.0081, 0.0051, 0.0088, 0.0059, 0.0054, 0.0061, 0.013, 0.0085, 0.0052, 0.0072, 0.0122, 0.0069, 0.0063, 0.02, 0.0063, 0.0071, 0.0052, 0.006, 0.0057, 0.006, 0.0091, 0.0056]
Valores de condutividade > 0.005 = [0.006854, 0.005988, 0.0052]
doperantar42_009.cnv		44		1
Valores de temperatura > 0.005 = [0.0064, 0.0283, 0.0192, 0.0068, 0.0092, 0.0063, 0.0051, 0.0063, 0.0055, 0.0083, 0.0063, 0.0088, 0.0063, 0.009, 0.0085, 0.0142, 0.0121, 0.0065, 0.0051, 0.0092, 0.0193, 0.0085, 0.0078, 0.0059, 0.0059, 0.0075, 0.0055, 0.0068, 0.0068, 0.006, 0.0056, 0.0089, 0.0092, 0.0131, 0.0143, 0.0257, 0.0103, 0.0138, 0.0061, 0.0068, 0.0073, 0.0148, 0.0052, 0.0068]
Valores de condutividade > 0.005 = [0.005638]
doperantar42_010.cnv		29		3
Valores de temperatura > 0.005 = [0.0082, 0.0085, 0.0441, 0.0085, 0.0119, 0.0067, 0.0077, 0.01, 0.0065, 0.0064, 0.0157, 0.0252, 0.0175, 0.0205, 0.0123, 0.0062, 0.0086, 0.0051, 0.0113, 0.006, 0.0069, 0.0145, 0.0096, 0.0052, 0.0056, 0.0053, 0.0071, 0.0052, 0.0075]
Valores de condutividade > 0.005 = [0.010864, 0.00742, 0.011344]
doperantar42_011.cnv		16		4
Valores de temperatura > 0.005 = [0.0066, 0.0061, 0.0133, 0.0112, 0.0081, 0.0053, 0.0088, 0.0198, 0.0125, 0.016, 0.0485, 0.0076, 0.0314, 0.046, 0.0051, 0.0177]
Valores de condutividade > 0.005 = [0.008011, 0.008187, 0.008636, 0.006023]
doperantar42_012.cnv		7		0
Valores de temperatura > 0.005 = [0.0084, 0.0092, 0.0063, 0.0051, 0.0052, 0.0067, 0.0053]
doperantar42_013.cnv		9		0
Valores de temperatura > 0.005 = [0.0195, 0.0059, 0.0073, 0.0127, 0.0093, 0.0264, 0.0053, 0.0058, 0.0096]
doperantar42_014.cnv		14		0
Valores de temperatura > 0.005 = [0.0141, 0.0105, 0.0186, 0.0172, 0.0123, 0.0148, 0.01, 0.0059, 0.0054, 0.0051, 0.0064, 0.0104, 0.0081, 0.0099]
doperantar42_015.cnv		13		0
Valores de temperatura > 0.005 = [0.0052, 0.0064, 0.0067, 0.0115, 0.0102, 0.0086, 0.0089, 0.0178, 0.0255, 0.0113, 0.0163, 0.0067, 0.0062]
doperantar42_016.cnv		4		0
Valores de temperatura > 0.005 = [0.0148, 0.0055, 0.0195, 0.0142]
doperantar42_017.cnv		12		0
Valores de temperatura > 0.005 = [0.0055, 0.011, 0.0065, 0.0065, 0.0054, 0.0053, 0.0054, 0.0051, 0.0391, 0.0108, 0.0079, 0.0052]
doperantar42_018.cnv		1		0
Valores de temperatura > 0.005 = [0.0061]
doperantar42_019.cnv		6		0
Valores de temperatura > 0.005 = [0.0063, 0.0069, 0.0066, 0.0066, 0.0066, 0.0057]
doperantar42_020.cnv		8		0
Valores de temperatura > 0.005 = [0.0126, 0.007, 0.0062, 0.0098, 0.0092, 0.0051, 0.007, 0.0056]
doperantar42_022.cnv		24		0
Valores de temperatura > 0.005 = [0.0068, 0.0053, 0.0058, 0.0072, 0.006, 0.0088, 0.0091, 0.0063, 0.0062, 0.0104, 0.006, 0.0219, 0.0328, 0.0346, 0.0071, 0.0061, 0.0097, 0.0054, 0.0242, 0.0179, 0.0193, 0.0306, 0.0201, 0.0177]
doperantar42_023.cnv		4		0
Valores de temperatura > 0.005 = [0.0109, 0.0082, 0.0144, 0.0051]
doperantar42_024.cnv		3		0
Valores de temperatura > 0.005 = [0.0091, 0.0072, 0.0075]
doperantar42_025.cnv		6		0
Valores de temperatura > 0.005 = [0.0063, 0.012, 0.0051, 0.0052, 0.0054, 0.0113]
doperantar42_026.cnv		5		0
Valores de temperatura > 0.005 = [0.0077, 0.0067, 0.0051, 0.0073, 0.0081]
doperantar42_027.cnv		3		0
Valores de temperatura > 0.005 = [0.0151, 0.0057, 0.0068]
doperantar42_028.cnv		8		0
Valores de temperatura > 0.005 = [0.012, 0.0259, 0.0083, 0.0067, 0.0062, 0.0362, 0.0148, 0.0526]
doperantar42_029.cnv		3		0
Valores de temperatura > 0.005 = [0.0068, 0.006, 0.0108]
doperantar42_030.cnv		3		0
Valores de temperatura > 0.005 = [0.0087, 0.0053, 0.0059]
doperantar42_032.cnv		2		0
Valores de temperatura > 0.005 = [0.0066, 0.0133]
doperantar42_033.cnv		5		0
Valores de temperatura > 0.005 = [0.0062, 0.0065, 0.0051, 0.0065, 0.0051]
doperantar42_034.cnv		2		0
Valores de temperatura > 0.005 = [0.0056, 0.006]
doperantar42_035.cnv		1		0
Valores de temperatura > 0.005 = [0.0062]
doperantar42_036.cnv		3		0
Valores de temperatura > 0.005 = [0.0061, 0.0208, 0.0096]
doperantar42_037.cnv		2		0
Valores de temperatura > 0.005 = [0.0057, 0.0059]
doperantar42_038.cnv		2		0
Valores de temperatura > 0.005 = [0.0063, 0.006]
doperantar42_039.cnv		1		0
Valores de temperatura > 0.005 = [0.0064]
doperantar42_040.cnv		3		0
Valores de temperatura > 0.005 = [0.0086, 0.0057, 0.0059]
doperantar42_042.cnv		6		0
Valores de temperatura > 0.005 = [0.0065, 0.006, 0.0053, 0.0077, 0.0051, 0.0077]
doperantar42_044.cnv		2		0
Valores de temperatura > 0.005 = [0.0074, 0.0079]
doperantar42_045.cnv		1		0
Valores de temperatura > 0.005 = [0.0053]
doperantar42_046.cnv		2		0
Valores de temperatura > 0.005 = [0.0077, 0.0153]
doperantar42_047.cnv		2		0
Valores de temperatura > 0.005 = [0.0133, 0.0055]
doperantar42_048.cnv		2		0
Valores de temperatura > 0.005 = [0.0064, 0.0066]
doperantar42_050.cnv		1		0
Valores de temperatura > 0.005 = [0.0058]
doperantar42_051.cnv		3		0
Valores de temperatura > 0.005 = [0.0053, 0.0061, 0.0052]
doperantar42_053.cnv		34		0
Valores de temperatura > 0.005 = [0.0118, 0.0054, 0.0065, 0.0064, 0.0103, 0.0097, 0.0223, 0.0086, 0.0095, 0.013, 0.0063, 0.0052, 0.0093, 0.0079, 0.006, 0.0075, 0.0115, 0.0105, 0.0053, 0.0052, 0.0061, 0.006, 0.0051, 0.0082, 0.0173, 0.007, 0.0054, 0.0051, 0.0117, 0.006, 0.0101, 0.0082, 0.0166, 0.0067]
doperantar42_054.cnv		33		0
Valores de temperatura > 0.005 = [0.0054, 0.0082, 0.0101, 0.0059, 0.014, 0.0057, 0.0057, 0.0055, 0.0066, 0.0161, 0.0154, 0.0134, 0.0117, 0.0098, 0.0133, 0.007, 0.0101, 0.0106, 0.0105, 0.0147, 0.0131, 0.0081, 0.0069, 0.0066, 0.0053, 0.0083, 0.0058, 0.0125, 0.0103, 0.0095, 0.0101, 0.0073, 0.0084]
